数据集的维度为：(9093, 6175)
特征选择后数据集的信息为：
              prov     dth98_00  ...     dth08_11     dth11_14
count  9093.000000  9093.000000  ...  9093.000000  9093.000000
mean     38.066095    -0.514462  ...    -7.718025    -7.885076
std       9.857494     2.840831  ...     1.550549     0.993208
min      11.000000    -9.000000  ...    -9.000000    -9.000000
25%      32.000000     0.000000  ...    -8.000000    -8.000000
50%      37.000000     0.000000  ...    -8.000000    -8.000000
75%      45.000000     1.000000  ...    -8.000000    -8.000000
max      61.000000     1.000000  ...     1.000000     1.000000

[8 rows x 7 columns]
每个年份中的存活总人数：
dth98_00    4831
dth00_02    2643
dth02_05    1051
dth05_08     358
dth08_11     128
dth11_14      47
dth14_18      10
dtype: int64
每个省份中的存活总人数：
prov
11     113
12     102
13      70
14      72
21     305
22     150
23     143
31     401
32    1165
33     739
34     499
35     406
36     145
37     412
41     353
42     305
43     310
44     691
45    1253
50     313
51     994
61     152
dtype: int64
      dth98_00  dth00_02  dth02_05  dth05_08  dth08_11  dth11_14  dth14_18
prov                                                                      
11           0         0         0         0         0         0         0
12          57        35        10         5         2         1         0
13          36        21         7         2         1         1         0
14          40        22         9         5         0         0         0
21         150        91        39        14         7         2         0
22          68        34        16         7         3         1         1
23          64        33        13         3         0         0         0
31         196        97        28         5         1         0         0
32         613       304       120        30         9         4         2
33         367       202        72        25         8         3         0
34         269       154        60        26         8         4         0
35         232       123        43         8         1         0         0
36          81        49        21         5         2         0         0
37         213       128        51        16         8         2         0
41         197        94        45        17         8         0         0
42         157        86        24        15         3         1         0
43         166        72        28        10         1         0         0
44         382       188        70        21        10         2         1
45         764       488       209        86        37        18         3
50         156        89        39        13         5         1         0
51         540       305       136        41        13         6         3
61          83        28        11         4         1         1         0
