数据集的维度为：(16064, 5499)
特征选择后数据集的信息为：
               prov      dth02_05      dth05_08      dth08_11      dth11_14
count  16064.000000  16064.000000  16064.000000  16064.000000  16064.000000
mean      36.832981     -0.763259     -4.592131     -6.115849     -6.768364
std       10.468003      3.153413      4.228778      3.530546      2.967053
min       11.000000     -9.000000     -9.000000     -9.000000     -9.000000
25%       32.000000      0.000000     -8.000000     -8.000000     -8.000000
50%       36.000000      0.000000     -8.000000     -8.000000     -8.000000
75%       45.000000      1.000000      0.000000     -8.000000     -8.000000
max       61.000000      1.000000      1.000000      2.000000      1.000000
每个年份中的存活总人数：
dth02_05    8175
dth05_08    4191
dth08_11    2513
dth11_14    1681
dth14_18     790
dtype: int64
每个省份中的存活总人数：
prov
11     323
12     201
13     177
14     178
21     702
22     434
23     367
31     629
32    2058
33    1557
34     791
35     552
36     302
37     746
41     629
42     644
43     669
44     781
45    1981
50     524
51    1550
61     269
dtype: int64
      dth02_05  dth05_08  dth08_11  dth11_14  dth14_18
prov                                                  
11         141        80        46        28        13
12          89        45        21        13         4
13         100        59        28        16         6
14         101        62        30        22        10
21         333       155       104        64        26
22         222        99        60        41         6
23         180        92        47        30        16
31         277       118        39        20        10
32        1053       459       301       210        98
33         725       397       253       170        85
34         417       207       108        75        14
35         225        65        38        25        13
36         161        82        51        38        17
37         363       191       126        87        39
41         364       205       131        72        36
42         264       162        68        44        22
43         356       237       139        99        52
44         339       132        81        44        21
45        1168       700       440       305       158
50         278       147        88        65        36
51         856       412       251       170        89
61         163        85        63        43        19
