数据集的维度为：(11199, 5807)
特征选择后数据集的信息为：
               prov      dth00_02  ...      dth08_11      dth11_14
count  11199.000000  11199.000000  ...  11199.000000  11199.000000
mean      37.295116     -0.939905  ...     -7.384141     -7.738012
std       10.481639      3.249886  ...      2.240485      1.484676
min       11.000000     -9.000000  ...     -9.000000     -9.000000
25%       32.000000      0.000000  ...     -8.000000     -8.000000
50%       37.000000      0.000000  ...     -8.000000     -8.000000
75%       45.000000      1.000000  ...     -8.000000     -8.000000
max       61.000000      1.000000  ...      1.000000      1.000000

[8 rows x 6 columns]
每个年份中的存活总人数：
dth00_02    6315
dth02_05    2628
dth05_08     950
dth08_11     363
dth11_14     143
dth14_18      30
dtype: int64
每个省份中的存活总人数：
prov
11     226
12     121
13     126
14     120
21     437
22     270
23     256
31     454
32    1338
33     942
34     596
35     500
36     209
37     473
41     460
42     426
43     383
44     727
45    1359
50     398
51    1168
61     210
dtype: int64
      dth00_02  dth02_05  dth05_08  dth08_11  dth11_14  dth14_18
prov                                                            
11          94        37        14         6         2         0
12          71        23        10         4         2         1
13          83        39        21         8         3         0
14          72        37        19         5         2         0
21         257       108        33        15         6         0
22         154        67        22         8         4         1
23         136        48        15         6         1         1
31         225        69        14         3         1         1
32         722       283        78        34        14         3
33         509       189        83        30         9         1
34         338       141        56        22        13         0
35         277        99        20         6         2         0
36         138        55        18         7         3         1
37         266       104        34        16         6         1
41         265       140        53        18         3         0
42         252        92        48        10         3         0
43         192        74        36         9         4         1
44         371       146        49        22         5         1
45         885       402       167        68        31         7
50         228       101        34        13         6         3
51         700       332       107        41        19         8
61          80        42        19        12         4         0
