数据集的维度为：(15638, 4850)
特征选择后数据集的信息为：
               prov      dth05_08      dth08_11      dth11_14
count  15638.000000  15638.000000  15638.000000  15638.000000
mean      37.026986     -1.356567     -4.623737     -5.904016
std       10.644988      3.703086      4.183427      3.630685
min       11.000000     -9.000000     -9.000000     -9.000000
25%       32.000000      0.000000     -8.000000     -8.000000
50%       37.000000      0.000000     -8.000000     -8.000000
75%       45.000000      1.000000      0.000000      0.000000
max       61.000000      1.000000      2.000000      1.000000
每个年份中的存活总人数：
dth05_08    7472
dth08_11    4191
dth11_14    2791
dth14_18    1330
dtype: int64
每个省份中的存活总人数：
prov
11     336
12     199
13     184
14     178
21     686
22     435
23     376
31     650
32    1847
33    1302
34     807
35     464
36     319
37     698
41     703
42     548
43     657
44     732
45    2020
50     557
51    1716
61     224
dtype: int64
      dth05_08  dth08_11  dth11_14  dth14_18
prov                                        
11         147        82        54        23
12          82        37        26        14
13         102        47        27        13
14          99        56        39        21
21         314       184       105        36
22         185       110        66        13
23         177        83        56        30
31         273        95        39        18
32         763       472       335       169
33         712       426       283       132
34         358       174       112        18
35         145        66        46        25
36         158        97        69        35
37         330       198       135        65
41         352       208       118        58
42         289       129        89        48
43         400       204       147        77
44         282       163       108        48
45        1164       691       469       248
50         270       157       115        56
51         757       428       294       154
61         113        84        59        29
